version https://git-lfs.github.com/spec/v1
oid sha256:b6573a2b7a28a3bfea141c349b029e7936c94194210c839f9b34a47622408c24
size 4968
